BubbleSort - [10,50,100,500,1000,10000] - 100 each 


{'sorted': {'correct': [1.0, 1.0, 1.0, 1.0, 1.0, 1.0], 'avgTime': [4.4481754302978514e-05, 8.511543273925782e-06, 1.9893646240234374e-05, 0.0001854705810546875, 0.0007025408744812012, 0.07874428033828736], 'avgComps': [45.0, 1225.0, 4950.0, 124750.0, 499500.0, 49995000.0]}, 'reversed': {'correct': [1.0, 1.0, 1.0, 1.0, 1.0, 1.0], 'avgTime': [3.614902496337891e-05, 4.246234893798828e-05, 7.373809814453124e-05, 0.001513535976409912, 0.006403875350952148, 0.6445569276809693], 'avgComps': [45.0, 1225.0, 4950.0, 124750.0, 499500.0, 49995000.0]}, 'random': {'correct': [1.0, 1.0, 1.0, 1.0, 1.0, 1.0], 'avgTime': [3.6716461181640626e-06, 2.070426940917969e-05, 6.810903549194336e-05, 0.001484220027923584, 0.0059038734436035155, 0.7025094914436341], 'avgComps': [45.0, 1225.0, 4950.0, 124750.0, 499500.0, 49995000.0]}, 'within': {'correct': [1.0, 1.0, 1.0, 1.0, 1.0, 1.0], 'avgTime': [2.408027648925781e-06, 1.7826557159423827e-05, 6.206989288330078e-05, 0.001490480899810791, 0.006903707981109619, 0.6002036309242249], 'avgComps': [45.0, 1225.0, 4950.0, 124750.0, 499500.0, 49995000.0]}}


StandardSort - [10,50,100,500,1000,10000] - 100 each

{'sorted': {'correct': [0.0, 0.0, 0.0, 0.0, 0.0, 0.0], 'avgTime': [1.950263977050781e-06, 1.6045570373535157e-06, 1.6379356384277344e-06, 1.6570091247558594e-06, 1.6021728515625e-06, 1.6808509826660156e-06], 'avgComps': [0.0, 0.0, 0.0, 0.0, 0.0, 0.0]}, 'reversed': {'correct': [0.0, 0.0, 0.0, 0.0, 0.0, 0.0], 'avgTime': [1.959800720214844e-06, 2.2077560424804687e-06, 2.4580955505371095e-06, 3.342628479003906e-06, 1.3473033905029296e-05, 3.200054168701172e-05], 'avgComps': [0.0, 0.0, 0.0, 0.0, 0.0, 0.0]}, 'random': {'correct': [0.0, 0.0, 0.0, 0.0, 0.0, 0.0], 'avgTime': [2.6559829711914064e-06, 4.203319549560547e-06, 1.2412071228027344e-05, 3.5932064056396486e-05, 7.51495361328125e-05, 0.0010726070404052735], 'avgComps': [0.0, 0.0, 0.0, 0.0, 0.0, 0.0]}, 'within': {'correct': [0.0, 0.0, 0.0, 0.0, 0.0, 0.0], 'avgTime': [2.322196960449219e-06, 3.888607025146484e-06, 1.0197162628173829e-05, 2.2499561309814454e-05, 4.426479339599609e-05, 0.0004217338562011719], 'avgComps': [0.0, 0.0, 0.0, 0.0, 0.0, 0.0]}}

AnnealingSort - [10,50,100,500,1000,10000] - 100 each, g =1, c =2, q = 1
{'sorted': {'correct': [1.0, 1.0, 1.0, 1.0, 1.0, 1.0], 'avgTime': [0.0007770228385925293, 0.00048224210739135744, 0.0009497165679931641, 0.005352747440338135, 0.01062706470489502, 0.13088670015335083], 'avgComps': [360.0, 6958.0, 16434.0, 106786.0, 221778.0, 2819718.0]}, 'reversed': {'correct': [1.0, 1.0, 1.0, 1.0, 1.0, 1.0], 'avgTime': [0.00042661905288696286, 0.0005378437042236328, 0.0010281801223754883, 0.0057383298873901365, 0.011864578723907471, 0.1447833323478699], 'avgComps': [360.0, 6958.0, 16434.0, 106786.0, 221778.0, 2819718.0]}, 'random': {'correct': [1.0, 1.0, 1.0, 1.0, 1.0, 1.0], 'avgTime': [9.539127349853516e-05, 0.00046169281005859375, 0.0010050392150878905, 0.005617060661315918, 0.011598002910614014, 0.145086567401886], 'avgComps': [360.0, 6958.0, 16434.0, 106786.0, 221778.0, 2819718.0]}, 'within': {'correct': [1.0, 1.0, 1.0, 1.0, 1.0, 1.0], 'avgTime': [6.224393844604492e-05, 0.0004486227035522461, 0.0009765553474426269, 0.005645511150360108, 0.011547737121582032, 0.14145803451538086], 'avgComps': [360.0, 6958.0, 16434.0, 106786.0, 221778.0, 2819718.0]}}


AnnealingSort - [10,50,100,500,1000,10000] - 100 each, g =1, c = 50, q = 1
 {'sorted': {'correct': [1.0, 1.0, 1.0, 1.0, 1.0, 1.0], 'avgTime': [0.0008147811889648438, 0.001745426654815674, 0.0024407124519348145, 0.012064156532287597, 0.025624287128448487, 0.34602349758148193], 'avgComps': [7254.0, 32438.0, 47322.0, 250498.0, 509490.0, 7379262.0]}, 'reversed': {'correct': [1.0, 1.0, 1.0, 1.0, 1.0, 0.48], 'avgTime': [0.0006629991531372071, 0.0016879606246948241, 0.0023736810684204103, 0.011557676792144776, 0.023334994316101074, 0.3455696201324463], 'avgComps': [7254.0, 32438.0, 47322.0, 250498.0, 509490.0, 7379262.0]}, 'random': {'correct': [1.0, 1.0, 1.0, 1.0, 1.0, 0.54], 'avgTime': [0.00041287660598754883, 0.0016515636444091797, 0.0023401927947998046, 0.011769719123840332, 0.023544600009918214, 0.34878437757492065], 'avgComps': [7254.0, 32438.0, 47322.0, 250498.0, 509490.0, 7379262.0]}, 'within': {'correct': [1.0, 1.0, 1.0, 1.0, 1.0, 0.92], 'avgTime': [0.0004490041732788086, 0.0016727280616760255, 0.0023133277893066405, 0.011897447109222413, 0.023366379737854003, 0.5184250926971435], 'avgComps': [7254.0, 32438.0, 47322.0, 250498.0, 509490.0, 7379262.0]}}

Spin the Bottle Sort - [10,50,100,500,1000,10000] - 100 each 
